[CameraSettings]
ExposureTime=10000
FPS=50
Window=5
ROI1_XPress=926
ROI1_XRel=1231
ROI1_YPres=427
ROI1_YRel=525
ROI2_XPress=926
ROI2_XRel=1214
ROI2_YPres=672
ROI2_YRel=751
Beta=5.038601
SG=27.684321
